1 116
0 0 0  0 0 0  0 0 0  0 0 0  0 0 0  0 0 0  0 0 0
0 0 0  0 0 0  0 0 0  0 0 0  0 0 0  0 0 0  0 0 0
0 0 0  0 0 0  0 0 0  0 0 0  0 0 0  0 0 0  0 0 0
0 0 0  0 0 0  0 0 0  0 0 0  0 0 0  0 0 0  0 0 0
0 0 0  0 0 0  0 0 0  0 0 0  0 0 0  0 0 0  0 0 0
0 0 0  0 0 0  0 0 0  0 0 0  0 0 0  0 0 0  0 0 0
0 0 0  0 0 0  0 0 0  0 0 0  0 0 0  0 0 0  0 0 0
0 0 0  0 0 0  0 0 0  0 0 0  0 0 0  0 0 0  0 0 0
0 0 0  0 0 0  0 0 0  0 0 0  0 0 0  0 0 0  0 0 0
0 0 0  0 0 0  0 0 0  0 0 0  0 0 0  0 0 0  0 0 0
0 0 0  0 0 0  0 0 0  0 0 0  0 0 0  0 0 0  0 0 0
0 0 0  0 0 0  0 0 0  0 0 0  0 0 0  0 0 0  0 0 0
0 0 0  0 0 0  0 0 0  0 0 0  0 0 0  0 0 0  0 0 0
0 0 0  0 0 0  0 0 0  0 0 0  0 0 0  0 0 0  0 0 0
0 0 0  0 0 0  0 0 0  0 0 0  0 0 0  0 0 0  0 0 0
0 0 0  0 0 0  0 0 0  0 0 0  0 0 0  0 0 0  0 0 0
0 0 0  0 0 0  0 0 0  0 0 0  0 0 0
